13 7 11
0 19 80 48 37 73 29 -1 74 13 -1 31 77
19 0 -1 -1 36 23 -1 -1 82 92 34 97 -1
80 -1 0 -1 57 91 40 64 54 -1 -1 49 25
48 -1 -1 0 50 99 59 49 96 -1 55 29 -1
37 36 57 50 0 85 43 77 -1 -1 82 -1 84
73 23 91 99 85 0 -1 22 71 29 55 33 -1
29 -1 40 59 43 -1 0 68 -1 49 64 86 -1
-1 -1 64 49 77 22 68 0 -1 95 -1 39 26
74 82 54 96 -1 71 -1 -1 0 87 -1 71 61
13 92 -1 -1 -1 29 49 95 87 0 -1 16 -1
-1 34 -1 55 82 55 64 -1 -1 -1 0 19 94
31 97 49 29 -1 33 86 39 71 16 19 0 74
77 -1 25 -1 84 -1 -1 26 61 -1 94 74 0
0 30 -1 85 -1 89 36 -1 -1 31 51 81 97
70 0 -1 41 -1 22 61 80 -1 -1 29 64 77
14 -1 0 -1 40 41 96 -1 66 -1 -1 -1 85
68 17 81 0 68 -1 32 -1 -1 36 -1 23 -1
17 -1 98 -1 0 60 -1 -1 80 45 -1 46 92
22 -1 -1 -1 -1 0 71 41 15 91 62 21 50
75 -1 -1 76 -1 22 0 -1 -1 13 66 65 18
-1 -1 69 46 27 -1 -1 0 90 44 99 45 -1
20 -1 -1 -1 47 -1 64 42 0 -1 87 -1 33
-1 -1 86 11 -1 32 -1 30 -1 0 40 16 -1
15 -1 70 -1 50 11 -1 -1 97 98 0 11 -1
48 66 14 -1 -1 53 63 41 -1 -1 49 0 -1
-1 -1 55 -1 -1 75 49 34 38 35 -1 81 0

