12 4 5
0 33 -1 24 51 30 68 81 24 72 -1 74
33 0 97 -1 84 40 83 30 -1 36 -1 92
-1 97 0 -1 23 90 -1 -1 87 46 -1 -1
24 -1 -1 0 51 -1 45 -1 75 -1 -1 -1
51 84 23 51 0 68 28 88 64 85 25 17
30 40 90 -1 68 0 98 72 -1 44 87 23
68 83 -1 45 28 98 0 70 44 99 34 53
81 30 -1 -1 88 72 70 0 16 -1 79 28
24 -1 87 75 64 -1 44 16 0 -1 36 -1
72 36 46 -1 85 44 99 -1 -1 0 70 48
-1 -1 -1 -1 25 87 34 79 36 70 0 51
74 92 -1 -1 17 23 53 28 -1 48 51 0
0 92 -1 94 50 -1 74 -1 -1 80 29 37
15 0 87 -1 57 98 98 -1 22 19 -1 50
19 -1 0 -1 -1 -1 12 55 78 -1 27 31
52 76 76 0 -1 50 68 76 58 -1 44 91
-1 42 -1 -1 0 71 90 10 18 96 17 36
62 70 26 24 25 0 83 -1 -1 50 50 -1
40 84 48 57 32 -1 0 -1 -1 21 88 -1
-1 -1 97 13 15 33 83 0 -1 -1 37 36
55 53 42 18 30 42 -1 58 0 51 94 -1
37 -1 20 41 44 23 40 -1 -1 0 91 39
53 39 55 54 -1 10 -1 -1 -1 81 0 61
86 97 29 -1 44 -1 -1 88 73 74 -1 0

