10 3 0
0 -1 66 85 72 81 39 68 -1 -1
-1 0 59 59 -1 -1 51 67 28 87
66 59 0 94 -1 61 77 92 95 76
85 59 94 0 41 43 -1 61 49 91
72 -1 -1 41 0 -1 58 -1 87 -1
81 -1 61 43 -1 0 -1 -1 50 26
39 51 77 -1 58 -1 0 -1 18 14
68 67 92 61 -1 -1 -1 0 -1 -1
-1 28 95 49 87 50 18 -1 0 23
-1 87 76 91 -1 26 14 -1 23 0
0 63 70 20 -1 -1 -1 87 97 -1
41 0 33 27 -1 36 -1 70 37 94
25 90 0 22 99 44 16 -1 22 62
-1 88 90 0 -1 34 51 63 31 64
62 53 -1 34 0 33 28 15 54 43
-1 -1 28 19 -1 0 -1 -1 61 41
-1 56 14 79 44 31 0 56 83 32
57 64 -1 35 94 65 -1 0 -1 -1
-1 15 95 79 34 17 -1 -1 0 84
80 -1 92 13 -1 99 38 75 24 0

