13 6 9
0 -1 88 17 95 -1 -1 24 63 -1 30 75 84
-1 0 90 35 -1 81 -1 17 33 -1 -1 19 81
88 90 0 -1 41 -1 -1 82 -1 20 52 44 45
17 35 -1 0 -1 -1 51 74 50 21 45 36 93
95 -1 41 -1 0 -1 -1 -1 66 98 -1 -1 47
-1 81 -1 -1 -1 0 38 92 80 -1 52 -1 92
-1 -1 -1 51 -1 38 0 32 -1 15 -1 -1 65
24 17 82 74 -1 92 32 0 -1 -1 -1 -1 69
63 33 -1 50 66 80 -1 -1 0 -1 11 -1 39
-1 -1 20 21 98 -1 15 -1 -1 0 34 19 52
30 -1 52 45 -1 52 -1 -1 11 34 0 -1 63
75 19 44 36 -1 -1 -1 -1 -1 19 -1 0 26
84 81 45 93 47 92 65 69 39 52 63 26 0
0 -1 26 -1 -1 58 79 76 27 35 68 83 -1
19 0 -1 -1 -1 -1 -1 24 66 -1 -1 -1 62
93 -1 0 87 28 89 25 18 81 -1 -1 -1 -1
-1 -1 60 0 -1 -1 66 61 -1 20 70 44 -1
-1 33 -1 43 0 77 -1 99 32 -1 82 67 -1
33 21 -1 83 21 0 26 13 79 -1 -1 -1 -1
89 33 -1 15 -1 10 0 -1 -1 85 32 86 53
52 53 -1 32 -1 -1 -1 0 68 27 -1 -1 59
-1 59 21 -1 56 -1 43 56 0 65 98 25 -1
-1 80 79 -1 70 -1 -1 23 40 0 68 50 56
72 10 86 25 -1 -1 -1 -1 26 45 0 -1 -1
77 49 -1 -1 61 81 65 -1 37 -1 54 0 86
-1 42 19 47 44 79 -1 -1 13 96 78 26 0

